1 3.274808406829834 0.7702166438102722 0.6862001419067383 0.807699978351593
2 0.513397753238678 0.8400166630744934 0.5203207731246948 0.8274000287055969
3 0.3999187648296356 0.861299991607666 0.4654618799686432 0.847000002861023
4 0.35459139943122864 0.8730833530426025 0.47794121503829956 0.8385999798774719
5 0.3429641127586365 0.8777333498001099 0.47034546732902527 0.8431000113487244
6 0.3386721611022949 0.8791499733924866 0.42316439747810364 0.8518999814987183
7 0.3249678313732147 0.8827833533287048 0.4239324629306793 0.8557000160217285
8 0.3216792941093445 0.8839166760444641 0.451740562915802 0.8485000133514404
9 0.30787143111228943 0.8869666457176208 0.5096571445465088 0.8356999754905701
10 0.31767353415489197 0.8850333094596863 0.4452647566795349 0.8460999727249146
11 0.29839304089546204 0.8902333378791809 0.403093159198761 0.8654999732971191
12 0.2941574454307556 0.8931000232696533 0.3895401060581207 0.8628000020980835
13 0.2899967133998871 0.8949000239372253 0.3789127767086029 0.8733000159263611
14 0.28630900382995605 0.8953166604042053 0.374172180891037 0.8744999766349792
15 0.2669384777545929 0.9014166593551636 0.37931594252586365 0.870199978351593
16 0.2722020745277405 0.9009000062942505 0.37386035919189453 0.8733999729156494
17 0.2694818079471588 0.9006166458129883 0.38675662875175476 0.8737999796867371
