1 0.4803388714790344 None 0.35658448934555054 0.868399977684021
2 0.29311612248420715 None 0.31465357542037964 0.8863999843597412
3 0.24275138974189758 None 0.2659723162651062 0.904699981212616
4 0.21266284584999084 None 0.25163915753364563 0.9111999869346619
5 0.18871401250362396 None 0.247030109167099 0.9139999747276306
6 0.16648949682712555 None 0.2840746343135834 0.9085000157356262
7 0.15213124454021454 None 0.2622556984424591 0.9121999740600586
8 0.13448892533779144 None 0.27093759179115295 0.9164000153541565
9 0.11963121592998505 None 0.28858256340026855 0.9128000140190125
10 0.11085417121648788 None 0.29750001430511475 0.9164000153541565
11 0.09419666230678558 None 0.30221930146217346 0.9199000000953674
12 0.09442058950662613 None 0.32682713866233826 0.9138000011444092
13 0.0856153815984726 None 0.35719168186187744 0.9101999998092651
14 0.08002788573503494 None 0.34772923588752747 0.9150000214576721
15 0.06715545803308487 None 0.3406746983528137 0.9156000018119812
16 0.06386896222829819 None 0.3840753734111786 0.9144999980926514
17 0.0628950446844101 None 0.389508455991745 0.9186000227928162
