1 0.46131590008735657 None 0.3865377604961395 0.840499997138977
2 0.2764158248901367 None 0.2870495021343231 0.8984000086784363
3 0.22273820638656616 None 0.27788296341896057 0.9052000045776367
4 0.18614354729652405 None 0.2460237741470337 0.9135000109672546
5 0.15454699099063873 None 0.29301539063453674 0.8999999761581421
6 0.1350145787000656 None 0.28082048892974854 0.9143999814987183
7 0.11460159718990326 None 0.30611279606819153 0.9057999849319458
8 0.10607480257749557 None 0.31914493441581726 0.9052000045776367
9 0.09074892848730087 None 0.3358118236064911 0.9151999950408936
10 0.06941274553537369 None 0.34348633885383606 0.9172000288963318
11 0.08366124331951141 None 0.35691988468170166 0.9107999801635742
12 0.05625445023179054 None 0.4030582010746002 0.910099983215332
13 0.05894973874092102 None 0.42943763732910156 0.917900025844574
14 0.0409449003636837 None 0.4579588770866394 0.9128999710083008
15 0.05019824206829071 None 0.4117097556591034 0.909600019454956
16 0.03932284191250801 None 0.41548797488212585 0.9164000153541565
17 0.03482973948121071 None 0.4861834943294525 0.920799970626831
