1 0.7571660876274109 None 0.5805067420005798 0.8069999814033508
2 0.5188727974891663 None 0.4581390619277954 0.8395000100135803
3 0.46135827898979187 None 0.4239565432071686 0.8519999980926514
4 0.4268117845058441 None 0.40938958525657654 0.8565000295639038
5 0.40144839882850647 None 0.388096421957016 0.863099992275238
6 0.3832932412624359 None 0.37199851870536804 0.8657000064849854
7 0.37012171745300293 None 0.35876208543777466 0.8729000091552734
8 0.3575814366340637 None 0.35852113366127014 0.8733000159263611
9 0.3473374545574188 None 0.3449677526950836 0.8765000104904175
10 0.33828553557395935 None 0.3418627083301544 0.880299985408783
11 0.331479549407959 None 0.3276272416114807 0.8849999904632568
12 0.3222498595714569 None 0.3272971510887146 0.883899986743927
13 0.31592440605163574 None 0.3162473738193512 0.8867999911308289
14 0.3095512092113495 None 0.3134896755218506 0.8881000280380249
15 0.30450883507728577 None 0.3153204023838043 0.8871999979019165
16 0.29889822006225586 None 0.31450796127319336 0.8883000016212463
17 0.2944257855415344 None 0.3058210015296936 0.8916000127792358
