1 1.2781316041946411 None 0.713712751865387 0.7347999811172485
2 0.8549496531486511 None 0.6164145469665527 0.7752000093460083
3 0.7665399312973022 None 0.5840413570404053 0.7924000024795532
4 0.7082898616790771 None 0.5516782999038696 0.8030999898910522
5 0.6702881455421448 None 0.5200555920600891 0.8144000172615051
6 0.6332418322563171 None 0.5052974820137024 0.8228999972343445
7 0.6087841987609863 None 0.4838640093803406 0.8323000073432922
8 0.5883615016937256 None 0.4789782762527466 0.8327999711036682
9 0.5679399371147156 None 0.46322181820869446 0.8398000001907349
10 0.5545710325241089 None 0.45068418979644775 0.8422999978065491
11 0.5393941402435303 None 0.43844637274742126 0.8452000021934509
12 0.5239397287368774 None 0.4382711350917816 0.8481000065803528
13 0.5124302506446838 None 0.4246431291103363 0.8503000140190125
14 0.5030338764190674 None 0.42041972279548645 0.852400004863739
15 0.4924611449241638 None 0.4031120836734772 0.8575999736785889
16 0.4885648787021637 None 0.40981659293174744 0.8554999828338623
17 0.47997134923934937 None 0.4082617461681366 0.858299970626831
